11
4,969976;-2,361669;11,14648
4,688046;3,754409;10,46131
3,658857;4,214865;11,37303
4,871373;5,3264;12,499
4,988762;4,90728;12,31936
9
5,789353;-0,2089099;12,58177
4,521316;1,820947;12,38943
3,930218;3,047098;12,14639
5,333354;2,299553;13,35879
5,325543;2,237225;13,28097
8
4,432579;1,184512;11,87851
3,814362;3,930189;12,44892
3,388592;3,923772;13,26435
4,301629;3,912554;13,7006
4,278087;3,824633;13,31952
7
-0,03230712;-2,269105;11,20986
-0,967626;3,572651;12,00042
-1,160053;4,220895;12,77099
-2,686806;6,537467;13,67389
-2,050577;6,802285;13,92091
5
-0,1147996;-0,3863228;13,25026
-0,2170914;1,721133;13,16373
-0,6155188;2,03282;13,91406
-0,9045528;5,222567;13,85523
-0,4926499;5,635844;13,84616
4
1,059466;1,26;12,21822
0,4827831;4,126837;13,22473
0,2061286;4,145116;14,17813
0,6676478;4,514928;13,76269
1,156707;4,672679;13,58351
11
5,075871;3,312263;12,72558
5,565857;3,147784;13,95805
4,447598;3,427515;14,57162
4,705297;3,329854;15,1151
5,513656;2,091499;15,73557
9
4,246622;1,616094;14,19923
4,442233;1,354277;15,79554
4,551451;1,342258;16,16441
4,69497;1,317032;16,32689
4,296893;0,8321021;16,80234
8
3,586089;3,727847;14,57165
3,653445;3,530912;15,79908
3,728349;3,297054;16,1771
3,909832;2,885504;16,34383
3,599932;2,905559;16,68808
7
-0,4123142;3,721299;12,70549
-1,134904;3,496988;14,11427
-0,5556066;2,714235;14,25879
1,43862;0,1092396;14,59049
1,553058;-0,1396851;14,55147
5
-0,4914311;1,671206;14,33649
-0,5179157;1,898038;15,1974
-0,1220191;1,260951;16,67075
0,1857041;1,2202;16,39732
0,1186465;0,8404053;16,33176
4
0,3782413;3,843919;14,28312
0,3941232;3,544261;15,67751
0,4645357;3,329405;16,4669
0,6657047;3,202815;16,62045
0,4371616;3,099803;16,15648
11
5,183458;3,323055;13,15303
4,637556;3,271786;14,52876
5,380413;2,532359;15,45221
5,351971;2,916314;14,77263
5,572658;2,674358;14,72004
9
4,344802;1,56972;14,68921
4,515316;1,289324;16,2245
4,524587;1,057576;16,49366
4,677089;0,8993094;16,5108
4,575732;0,7268409;16,64595
8
3,604745;3,660785;14,98565
3,722961;3,290774;16,11001
3,776603;2,88758;16,55528
4,336909;2,846303;16,45777
4,405039;2,868959;16,44277
7
-0,6419412;3,665699;13,15464
-0,5988784;2,578848;14,36213
1,654469;-0,1176202;14,48031
-0,4690951;2,540513;14,0162
-0,75257;2,998724;14,09558
5
-0,5877744;1,902596;14,4373
-0,09878959;1,239573;16,53849
0,1808795;1,036367;16,21541
0,004510203;1,331465;16,1492
0,06096138;1,310734;16,17264
4
0,4020229;3,742397;14,73507
0,4552495;3,347221;16,37071
0,5643117;3,139792;16,35711
0,8681724;3,295311;16,16698
0,925176;3,287706;16,16631
11
5,431185;2,739395;11,2761
5,132074;2,737134;11,24427
4,893204;2,749099;12,3707
4,649533;2,957026;13,57184
4,94468;2,563108;13,87835
9
5,088573;1,5126;13,03751
4,889542;1,534855;12,72002
4,63482;1,172258;13,72738
4,748363;1,291655;14,90401
4,820409;1,046044;15,50555
8
4,741499;3,779479;13,84648
4,645285;3,78898;13,6469
4,557027;3,541657;14,56707
4,508275;3,375088;15,56166
4,550556;3,306209;15,95928
7
-0,6101035;3,233197;11,57374
-0,5738048;2,982461;11,75777
-0,4507047;2,708556;12,47094
-0,2324591;2,453701;13,08378
-0,1207295;2,635357;13,40231
5
0,7243091;2,031528;13,46074
0,6005471;2,076121;13,62769
0,2468025;1,847676;14,05564
0,1873459;1,500541;14,5591
0,2038434;1,638844;14,81913
4
1,742873;3,857214;13,35331
1,600223;3,891535;13,47828
1,452476;3,702783;14,35174
1,430833;3,527716;15,21315
1,441782;3,485662;15,52215
11
5,097816;1,292874;14,48041
4,566591;2,696205;14,59784
4,92575;1,26592;14,46111
5,156918;2,512859;14,5916
4,931359;2,700464;14,57622
9
4,075778;1,322006;16,20545
4,433757;1,507484;16,02625
3,983084;1,412946;16,22135
4,476927;1,410155;16,43076
4,570392;1,570776;16,34803
8
4,00666;3,609814;16,79623
3,996544;3,617601;16,82344
3,979908;3,624241;16,84802
3,950776;3,590641;16,83142
3,999598;3,641665;16,80466
7
0,7060458;2,625683;14,01336
0,6912425;1,580839;13,99948
0,6336204;2,877032;14,01214
0,5155447;1,676202;14,0485
0,2043764;1,861365;13,98339
5
0,2383388;1,550698;15,57531
0,03383238;2,032652;15,66614
0,2055573;1,640776;15,46061
0,05686096;1,88611;15,81609
0,2253292;1,840995;15,79356
4
1,13239;3,669165;16,13871
1,058617;3,703141;16,08416
1,119786;3,68615;15,90178
0,9899518;3,712929;15,96845
1,089056;3,699714;16,0096
11
5,097816;1,292874;14,48041
4,566591;2,696205;14,59784
4,92575;1,26592;14,46111
5,156918;2,512859;14,5916
4,931359;2,700464;14,57622
9
4,075778;1,322006;16,20545
4,433757;1,507484;16,02625
3,983084;1,412946;16,22135
4,476927;1,410155;16,43076
4,570392;1,570776;16,34803
8
4,00666;3,609814;16,79623
3,996544;3,617601;16,82344
3,979908;3,624241;16,84802
3,950776;3,590641;16,83142
3,999598;3,641665;16,80466
7
0,7060458;2,625683;14,01336
0,6912425;1,580839;13,99948
0,6336204;2,877032;14,01214
0,5155447;1,676202;14,0485
0,2043764;1,861365;13,98339
5
0,2383388;1,550698;15,57531
0,03383238;2,032652;15,66614
0,2055573;1,640776;15,46061
0,05686096;1,88611;15,81609
0,2253292;1,840995;15,79356
4
1,13239;3,669165;16,13871
1,058617;3,703141;16,08416
1,119786;3,68615;15,90178
0,9899518;3,712929;15,96845
1,089056;3,699714;16,0096
11
4,81751;1,931439;14,51729
5,053865;2,25589;14,56559
4,929677;1,773671;15,0292
4,963521;1,855294;15,17181
5,024857;2,26145;15,37879
9
4,218117;1,416768;16,12196
4,39786;1,472579;16,37077
4,374745;1,071312;16,39295
4,27756;1,025295;16,3695
4,162877;1,014332;16,52005
8
3,998986;3,61871;16,81862
3,974409;3,614875;16,82289
4,09967;3,373027;17,07126
4,043131;3,36439;17,13031
3,94842;3,2733;17,3076
7
0,7060458;2,625683;14,01336
0,6912425;1,580839;13,99948
0,6336204;2,877032;14,01214
0,5155447;1,676202;14,0485
0,2043764;1,861365;13,98339
5
0,2383388;1,550698;15,57531
0,03383238;2,032652;15,66614
0,2055573;1,640776;15,46061
0,05686096;1,88611;15,81609
0,2253292;1,840995;15,79356
4
1,13239;3,669165;16,13871
1,058617;3,703141;16,08416
1,119786;3,68615;15,90178
0,9899518;3,712929;15,96845
1,089056;3,699714;16,0096
7
-0,7740322;3,937322;13,65884
-0,9187436;3,936;14,11486
-0,8336796;1,584237;14,90699
-0,1876146;3,660993;15,50291
0,1044667;4,116333;15,19995
5
-0,241731;1,416421;15,16995
-0,2055666;1,452922;15,59146
1,360112;0,9369027;16,47708
0,7737831;1,358268;16,97196
0,4315229;1,657163;16,80715
4
0,909838;3,746254;14,80286
0,8373008;3,726737;15,16787
1,370137;3,497466;16,07797
1,679294;3,534552;16,59082
1,712681;3,572122;16,62967
