11
(1.0, 1.7, 14.2)
(4.2, 0.9, 13.7)
(3.1, 0.9, 13.2)
(3.5, 1.5, 12.8)
(3.8, 1.8, 13.4)
9
(3.2, -0.7, 14.4)
(4.0, -2.3, 14.6)
(3.9, -1.9, 14.4)
(3.8, -1.2, 14.3)
(4.2, -1.1, 14.7)
8
(2.1, -2.0, 16.1)
(2.1, -2.2, 16.1)
(2.2, -2.2, 16.1)
(2.2, -2.2, 16.1)
(2.3, -2.2, 16.0)
11
5,32858;-1,910908;9,36605
4,761355;1,625447;10,59038
4,397672;1,933362;10,75163
5,688706;-0,980955;9,982665
5,987838;-3,850771;9,392553
9
3,814761;-1,078021;10,26107
3,099832;-0,451786;10,20705
3,790484;-0,3893835;11,30333
4,087703;-0,890969;10,99898
4,453153;-2,121448;10,31712
8
3,206072;1,251139;10,46795
2,930956;2,105601;11,40556
3,132718;1,811232;11,83775
3,411548;1,536907;11,47587
3,872803;0,3925065;10,50478
