11
6,6587;1,441918;13,31694
6,669558;-1,025696;14,11145
6,412305;-0,97695;13,98584
6,411369;-1,230376;13,95946
6,152047;-0,08684808;13,6209
9
6,748634;0,6555204;15,79002
6,760791;0,7993789;15,9868
6,603195;0,862728;15,84318
5,864491;0,8146152;15,26546
4,951358;1,246228;14,83703
8
6,409079;3,089523;16,36794
6,317155;3,189349;16,30096
6,268953;3,236813;16,21812
5,197478;3,404664;15,44147
4,141159;3,880057;14,83331
7
1,093799;2,360205;9,923238
0,9151774;2,249608;9,66382
1,317152;3,48354;9,762989
0,4224406;1,575676;9,157101
1,275586;3,08755;9,338827
5
0,1097142;-0,00741223;11,1279
0,1698851;0,2047539;11,31418
0,5026666;1,051672;11,25238
0,4587938;-0,1816633;11,11326
0,5446053;0,7366839;11,05978
4
0,915502;0,4643204;12,91001
1,235035;0,5442457;13,29872
1,13082;0,9736934;13,40552
1,259865;0,2755304;13,32575
1,068364;0,817318;13,15717
11
5,332285;-1,968382;13,67163
3,643766;2,035514;22,28613
2,588708;8,436651;24,23417
3,261991;0,3154594;23,21059
6,703483;-3,442919;13,70407
9
5,574983;-0,3496241;13,62255
2,904278;0,6903436;23,09224
2,623009;5,249901;24,26299
2,664405;0,4500899;24,28054
7,181701;-0,6991792;14,28891
8
5,219814;1,87895;13,9557
1,870079;2,391312;23,95366
1,5759;3,330149;25,11733
1,892071;2,32552;24,43131
7,069293;0,9813942;14,32234
7
4,929172;-1,130671;14,06892
-4,072114;2,207968;22,54615
-2,943594;8,305992;23,92895
-2,856999;0,09038877;23,1746
5,222468;-0,4635323;13,08588
5
4,615649;0,204843;15,31036
-2,989815;0,6710243;23,38191
-2,859015;5,072998;24,0426
-2,553805;0,3230641;24,17122
4,09118;0,9504098;14,73183
4
4,078788;1,962502;16,29224
-1,69374;2,454972;23,99599
-1,817869;3,196043;25,05589
-1,673843;2,399869;24,36626
4,778876;1,909915;14,48075

7
0,6701488;1,511134;15,8674
0,7845495;-0,426962;16,92588
1,130911;-0,7500464;17,4228
0,02941402;-0,9131048;16,39872
-0,4122746;-0,6862575;15,37241
5
2,18384;1,128435;17,22233
2,318101;1,036234;17,36944
2,389952;1,012437;17,5125
1,401429;0,9685296;16,845
0,4861563;1,374977;16,1125
4
3,223721;3,296246;16,90079
3,161093;3,308027;16,93867
3,140067;3,328559;16,85308
1,988905;3,433001;16,14511
0,8960553;3,860103;15,39672
7
1,093799;2,360205;9,923238
0,9151774;2,249608;9,66382
1,317152;3,48354;9,762989
0,4224406;1,575676;9,157101
1,275586;3,08755;9,338827
5
0,1097142;-0,00741223;11,1279
0,1698851;0,2047539;11,31418
0,5026666;1,051672;11,25238
0,4587938;-0,1816633;11,11326
0,5446053;0,7366839;11,05978
4
0,915502;0,4643204;12,91001
1,235035;0,5442457;13,29872
1,13082;0,9736934;13,40552
1,259865;0,2755304;13,32575
1,068364;0,817318;13,15717
11
5,332285;-1,968382;13,67163
3,643766;2,035514;22,28613
2,588708;8,436651;24,23417
3,261991;0,3154594;23,21059
6,703483;-3,442919;13,70407
9
5,574983;-0,3496241;13,62255
2,904278;0,6903436;23,09224
2,623009;5,249901;24,26299
2,664405;0,4500899;24,28054
7,181701;-0,6991792;14,28891
8
5,219814;1,87895;13,9557
1,870079;2,391312;23,95366
1,5759;3,330149;25,11733
1,892071;2,32552;24,43131
7,069293;0,9813942;14,32234
7
4,929172;-1,130671;14,06892
-4,072114;2,207968;22,54615
-2,943594;8,305992;23,92895
-2,856999;0,09038877;23,1746
5,222468;-0,4635323;13,08588
5
4,615649;0,204843;15,31036
-2,989815;0,6710243;23,38191
-2,859015;5,072998;24,0426
-2,553805;0,3230641;24,17122
4,09118;0,9504098;14,73183
4
4,078788;1,962502;16,29224
-1,69374;2,454972;23,99599
-1,817869;3,196043;25,05589
-1,673843;2,399869;24,36626
4,778876;1,909915;14,48075
