11
5,879979;-4,656811;17,63961
6,74527;-3,092799;16,97282
7,279479;-1,156042;16,39245
7,331185;0,8596085;16,22335
6,938298;2,167274;16,43088
9
3,874563;-2,741055;18,75129
4,285667;-2,154323;18,57276
4,54514;-1,18713;18,24893
4,685527;-0,2640869;18,02822
4,680245;0,5069402;18,0346
8
2,562737;-0,3397834;19,27493
2,582427;-0,3454092;19,29335
2,623469;-0,2673023;19,30287
2,619402;-0,1264069;19,26606
2,584766;-0,00810224;19,26366
7
-4,230346;-4,89157;18,94046
-5,602305;-3,454176;18,68998
-6,434047;-1,093568;18,45388
-6,517842;0,9057481;18,39749
-6,185627;2,472631;18,31281
5
-2,212695;-2,786575;19,39469
-2,811167;-2,06803;19,32284
-3,333655;-0,9277057;19,23748
-3,500171;0,05748352;19,20109
-3,480126;0,7986171;19,19571
4
-0,9192727;-0,331126;19,55682
-0,9532057;-0,311916;19,59923
-1,042226;-0,2504784;19,63738
-1,097638;-0,1110684;19,64684
-1,114496;0,03289633;19,66274
