11
3,120503;-1,101861;15,23743
3,058912;-1,071043;15,35113
3,101787;-1,022951;15,4341
3,075717;-1,068209;15,35646
2,717721;-0,9357566;15,04276
9
1,715267;1,669126;15,40051
1,707817;1,659011;15,40827
1,695057;1,654795;15,43828
1,699382;1,662836;15,4381
1,688955;1,65416;15,42323
8
0,9684524;3,965791;14,74361
0,9672111;3,965878;14,74601
0,9601399;3,969513;14,74953
0,9574195;3,970511;14,74981
0,9557881;3,969775;14,74856
7
-4,497165;0,6495633;12,90216
-4,325875;0,0453647;13,07626
-4,142177;-0,315595;13,30053
-4,265277;-0,2234582;13,27987
-4,306156;-0,3781134;13,38321
5
-2,663956;1,578611;14,80939
-2,550467;1,534013;14,87665
-2,717731;1,540986;14,78547
-2,726123;1,530205;14,80071
-2,743588;1,52486;14,81739
4
-2,099637;3,837929;14,4249
-2,110126;3,837471;14,43287
-2,122129;3,837097;14,43487
-2,128583;3,841174;14,43822
-2,129061;3,844681;14,4397
