11
3,341827;-0,5329972;17,36366
2,470037;-0,5830697;16,66662
1,62132;-0,655349;16,05468
0,05439049;-0,5428528;15,49571
0,6471708;-0,4471061;15,64384
9
2,137778;1,957251;17,4598
1,998626;1,936487;17,41509
1,847888;1,968196;17,24665
0,8030354;1,834515;17,01887
0,8973931;1,840554;17,20718
8
1,314163;4,300443;16,70171
1,320153;4,295613;16,78126
1,293916;4,250783;16,76602
0,5547422;4,09868;16,65117
0,4182341;4,142679;16,65475
7
-3,851443;-0,3699859;16,95792
-3,973779;-0,7073225;17,52917
-4,019401;-0,7697204;17,75444
-5,149669;-0,7116662;17,84821
-5,003986;-0,8103798;17,88114
5
-2,437659;1,825259;17,43124
-2,439165;1,804504;17,52652
-2,467337;1,786801;17,59016
-3,318463;1,834538;17,60408
-3,337053;1,766101;17,60169
4
-1,827363;4,240151;16,70306
-1,832625;4,286679;16,7849
-1,851474;4,306991;16,7993
-2,569798;4,273232;16,75435
-2,686326;4,261442;16,74634
