11
2,90567;2,28681;14,2869
1,901716;3,935388;15,90564
2,609267;0,4424224;15,79615
1,54371;-0,2275596;15,42089
0,1565155;0,5452588;14,16065
9
3,076215;2,78895;17,2424
2,965989;2,798616;17,35261
2,295491;2,152227;16,929
1,974263;2,137145;16,42782
1,615462;2,089649;16,25884
8
1,948255;4,496004;17,0208
1,91783;4,490416;17,01241
1,785462;4,328781;16,80782
1,618582;4,161446;16,40861
1,17448;4,138304;16,38637
7
-4,352915;3,051623;15,2802
-4,767631;2,924997;15,65742
-4,588898;2,581781;16,2912
-4,676204;2,860421;17,03402
-5,05949;2,773262;17,1403
5
-2,772769;2,924736;17,52546
-2,64218;2,47288;17,73997
-2,222115;2,41692;18,12481
-2,050644;2,683628;18,4958
-2,37869;2,472019;18,64696
4
-1,165444;4,554105;17,06057
-1,087709;4,464816;17,01358
-1,006234;4,524771;17,0425
-1,035317;4,70419;17,11774
-1,600522;4,606817;17,24539
