11
4,758766;-1,573056;10,34054
6,722395;1,484983;11,09334
5,190683;4,312883;9,655828
3,069822;2,216923;8,661484
5,289081;-3,033968;8,027359
9
3,574667;0,8049363;10,45333
4,333608;1,798952;11,93513
4,491429;2,552885;11,31141
3,895986;2,062083;10,1469
4,616532;-1,166767;8,14762
8
2,724595;2,726597;10,20534
2,673776;3,202985;11,61281
2,667854;3,266082;11,58761
2,743589;2,907119;11,01646
3,963413;0,3547536;7,739651
7
-2,297833;-1,009409;11,37321
-5,438418;1,920134;11,39487
-3,841715;4,828045;9,90807
-0,6329341;2,776746;9,524971
0,541442;-1,550295;11,60149
5
-1,163312;1,277204;11,3462
-2,693605;2,286058;11,94175
-3,040625;2,95618;11,35231
-2,042664;2,475236;10,55534
0,6248658;0,08878888;9,770793
4
-0,4740702;3,168218;10,56635
-0,9224464;3,541578;11,65864
-1,02132;3,476597;11,55421
-0,7273613;3,260704;11,04618
1,210423;1,334488;8,37448111
3,358303;-0,7859958;18,59273
4,521696;0,1382637;19,585
6,564665;2,346213;18,85773
6,820919;4,505023;18,20637
6,660955;6,803086;17,40417
9
2,00597;1,824745;18,51359
2,620623;2,186882;19,42309
3,526395;3,268243;19,10027
3,699702;4,334075;18,7599
3,833802;5,423992;18,27905
8
1,170606;4,545377;17,62215
1,019783;4,833597;18,71396
1,322277;4,867429;18,78466
1,315215;4,933559;18,76657
1,392137;5,193853;18,65702
11
3,820258;-1,151206;17,55311
4,99428;-1,36896;17,39486
5,339145;-0,2642373;17,04954
6,623816;2,515457;15,91162
6,925621;5,209624;15,05847
9
2,306967;1,748882;17,4689
2,731413;1,924885;17,38663
3,015532;2,044858;17,13293
3,761234;2,805588;16,7834
4,262755;3,994925;16,4455
8
1,558616;4,352619;16,79006
1,65032;4,420846;16,7045
1,759681;4,411909;16,58704
1,894329;4,422371;16,57121
2,000443;4,527578;16,5526
7
-3,760759;0,4967019;21,92116
-6,186335;5,505379;20,12442
-4,921668;9,417345;18,72961
-4,537619;9,752587;18,51698
-4,832069;9,686899;18,46128
5
-1,928876;2,94888;21,51833
-2,949608;5,280235;20,71721
-2,634773;7,067059;20,06387
-2,422383;7,298305;19,90477
-2,699772;7,275481;19,79179
4
-0,7760612;5,422861;20,98232
-0,5846685;5,637938;21,05721
-0,5068104;5,829813;21,07306
-0,5365656;5,86211;21,06382
-0,6665659;5,845695;21,02179
7
-0,6450438;-0,03819121;16,121
-3,110595;1,39436;21,21144
-4,892043;3,457893;20,45875
-6,135399;6,632996;18,61276
-5,41397;8,009117;17,65367
5
-0,4226001;1,84787;18,66348
-1,468252;3,105505;19,38324
-2,155354;4,216022;18,92341
-2,849432;5,665796;18,34282
-2,901576;5,892694;18,08142
4
0,1148238;4,001659;18,06257
-0,2075673;4,572892;18,29486
-0,2345252;4,842745;18,21217
-0,2733628;5,134885;18,03672
-0,3305474;5,186239;17,97786
7
2,386823;-1,542574;8,250071
2,897999;-3,152758;8,129833
0,5730363;-3,08279;10,06547
2,104376;-3,044734;7,925831
0,3745197;-2,090306;7,404307
5
3,305461;-2,595235;10,77209
1,856482;-2,199789;9,606141
1,045701;-3,493992;9,651029
1,130974;-3,591024;9,167482
0,2877204;-0,5266223;9,138149
4
4,785552;-2,130615;11,5061
3,201302;-1,772138;9,479741
2,29977;-2,348536;9,400684
2,320889;-2,137819;9,541019
1,018413;0,758964;9,694994
