11
3,256668;-3,310753;16,1059
4,134472;-2,997645;16,13653
5,205266;-2,288139;15,87665
5,978887;-1,369176;15,61335
6,701921;-0,22986;15,28661
9
2,285603;-0,3044253;16,10688
2,531856;-0,1912346;16,15561
2,960852;0,05781999;16,10285
3,334607;0,4388285;16,01616
3,609246;0,9316977;15,9055
8
1,631879;2,406362;15,85363
1,618526;2,402239;15,87584
1,623634;2,41482;15,90475
1,626211;2,450435;15,94506
1,631648;2,542161;15,98399
7
-2,960129;-3,266741;16,12674
-3,940707;-3,010876;16,26848
-5,091288;-2,318609;16,28918
-6,042392;-1,392193;16,17236
-6,891202;-0,0645664;15,90979
5
-2,048593;-0,2924976;16,19123
-2,369859;-0,1932466;16,24977
-3,02283;0,04888886;16,23969
-3,540313;0,4781448;16,24884
-3,807983;1,180499;16,13935
4
-1,564682;2,453463;15,92618
-1,600655;2,463337;15,94041
-1,661843;2,463321;15,96763
-1,746816;2,467732;16,02482
-1,73505;2,560035;16,04941
