11
4,740039;-0,161173;12,50004
4,735726;-0,2060685;12,47111
4,874743;-0,3234061;12,76523
3,723372;0,1340911;12,23552
1,225378;-0,2009126;13,24308
9
3,489736;1,55397;14,34833
3,532098;1,535883;14,32416
3,375433;1,610081;14,33435
3,818196;1,506567;14,15817
2,92368;1,557687;14,19141
8
2,435044;3,633179;13,63731
2,515968;3,637434;13,64052
2,299699;3,654945;13,60568
3,09493;3,6247;13,75581
2,386349;3,634786;13,84644
7
-3,260999;-0,04037589;14,56795
-3,205622;0,0226012;14,54802
-2,729515;-0,1125892;11,29681
-2,359763;-0,1652992;9,341574
-1,582641;-0,7194884;14,07113
5
-1,382689;1,339429;15,13006
-1,291602;1,36121;15,18887
-2,367043;1,94123;13,03148
-1,465028;2,492374;11,97352
-1,210911;1,473655;15,31014
4
-0,650151;3,694164;14,2092
-0,5481879;3,719908;14,27649
-1,167731;3,657165;13,59002
0,1543239;3,829546;13,88815
-0,6180814;3,906433;14,5134
