11
4,594277;-4,906696;18,0071
5,149624;-4,579101;17,71016
6,053498;-3,254403;17,38691
6,553454;-1,625054;16,97739
6,711076;0,3296467;16,98619
9
2,850805;-2,894084;19,66305
3,159932;-2,743685;19,06051
3,325494;-2,061394;18,8136
3,627786;-1,362914;18,56882
3,894402;-0,4997571;18,433
8
1,752629;-0,4106709;20,18653
1,886316;-0,3785883;19,55203
1,693678;-0,3498857;19,4159
1,673425;-0,2870851;19,38398
1,707502;-0,1737348;19,36696
7
-4,833628;-5,02486;19,51529
-5,393398;-4,509972;18,72014
-6,467485;-3,342477;18,28036
-7,081139;-1,7604;17,80868
-7,322729;0,2522366;17,46408
5
-2,750797;-2,815593;20,24806
-2,977419;-2,593805;19,40575
-3,583054;-2,027303;19,13651
-4,019586;-1,283981;18,91301
-4,293618;-0,3574087;18,71893
4
-1,633778;-0,3321688;20,43002
-1,52569;-0,2542703;19,68189
-1,771877;-0,2084987;19,50481
-1,936601;-0,1908564;19,48299
-2,041728;-0,1046859;19,43581
