11
6,6587;1,441918;13,31694
6,669558;-1,025696;14,11145
6,412305;-0,97695;13,98584
6,411369;-1,230376;13,95946
6,152047;-0,08684808;13,6209
9
6,748634;0,6555204;15,79002
6,760791;0,7993789;15,9868
6,603195;0,862728;15,84318
5,864491;0,8146152;15,26546
4,951358;1,246228;14,83703
8
6,409079;3,089523;16,36794
6,317155;3,189349;16,30096
6,268953;3,236813;16,21812
5,197478;3,404664;15,44147
4,141159;3,880057;14,83331
7
0,6701488;1,511134;15,8674
0,7845495;-0,426962;16,92588
1,130911;-0,7500464;17,4228
0,02941402;-0,9131048;16,39872
-0,4122746;-0,6862575;15,37241
5
2,18384;1,128435;17,22233
2,318101;1,036234;17,36944
2,389952;1,012437;17,5125
1,401429;0,9685296;16,845
0,4861563;1,374977;16,1125
4
3,223721;3,296246;16,90079
3,161093;3,308027;16,93867
3,140067;3,328559;16,85308
1,988905;3,433001;16,14511
0,8960553;3,860103;15,39672
