11
3,99752;-0,2470581;11,38356
4,360596;8,174291;12,33552
4,70534;2,541362;12,12337
1,730731;1,277402;9,612258
5,570002;-1,889178;7,439713
9
2,253644;1,565303;12,3204
2,635153;6,185796;12,5189
2,70731;3,199327;12,64146
1,819734;1,881253;11,44074
4,14597;0,1032378;8,398723
8
1,409665;3,830351;12,06793
1,181324;4,855039;12,51334
1,254528;4,511395;12,56633
1,255312;4,095417;11,87695
2,873698;1,88718;8,871543
11
2,643382;1,544171;10,82087
1,131842;1,694083;10,4699
1,678378;2,661985;10,9002
1,246562;3,372123;9,699853
1,773839;2,117086;10,12193
9
2,40156;1,121613;12,82184
1,28696;0,9108748;11,45463
1,773285;1,661132;11,64423
1,111828;2,565792;10,74663
1,557977;1,492748;11,65583
8
1,591659;2,622895;14,04681
0,7118866;2,090793;12,49609
0,6173348;2,520386;12,1649
0,06537308;2,771852;11,71761
0,4595683;2,584158;12,23918
11
2,643382;1,544171;10,82087
1,131842;1,694083;10,4699
1,678378;2,661985;10,9002
1,246562;3,372123;9,699853
1,773839;2,117086;10,12193
9
2,40156;1,121613;12,82184
1,28696;0,9108748;11,45463
1,773285;1,661132;11,64423
1,111828;2,565792;10,74663
1,557977;1,492748;11,65583
8
1,591659;2,622895;14,04681
0,7118866;2,090793;12,49609
0,6173348;2,520386;12,1649
0,06537308;2,771852;11,71761
0,4595683;2,584158;12,23918
11
2,643382;1,544171;10,82087
1,131842;1,694083;10,4699
1,678378;2,661985;10,9002
1,246562;3,372123;9,699853
1,773839;2,117086;10,12193
9
2,40156;1,121613;12,82184
1,28696;0,9108748;11,45463
1,773285;1,661132;11,64423
1,111828;2,565792;10,74663
1,557977;1,492748;11,65583
8
1,591659;2,622895;14,04681
0,7118866;2,090793;12,49609
0,6173348;2,520386;12,1649
0,06537308;2,771852;11,71761
0,4595683;2,584158;12,23918
11
2,643382;1,544171;10,82087
1,131842;1,694083;10,4699
1,678378;2,661985;10,9002
1,246562;3,372123;9,699853
1,773839;2,117086;10,12193
9
2,40156;1,121613;12,82184
1,28696;0,9108748;11,45463
1,773285;1,661132;11,64423
1,111828;2,565792;10,74663
1,557977;1,492748;11,65583
8
1,591659;2,622895;14,04681
0,7118866;2,090793;12,49609
0,6173348;2,520386;12,1649
0,06537308;2,771852;11,71761
0,4595683;2,584158;12,23918
11
1,872199;2,866469;8,43299
4,663923;1,01538;11,50649
5,07029;2,585564;11,50899
6,001122;2,449374;11,03958
7,765396;-1,065721;10,60252
9
2,741941;1,394384;10,24149
5,350657;1,924915;12,73796
5,875547;1,554675;12,82897
6,205648;1,097574;12,58455
6,938982;-0,03796454;12,30983
8
1,679866;1,849561;12,4005
4,763399;2,440656;13,67259
5,086629;2,989759;13,80567
5,232526;2,568213;13,65199
6,066101;1,753978;12,46364
11
-1,803025;2,937606;12,63122
-1,58199;2,357254;12,48231
-0,7722862;3,796647;10,75285
-0,4821831;4,32973;10,09391
-1,425605;4,016527;10,10917
9
-1,955079;2,920335;13,34295
-2,082789;3,264709;13,56977
-1,849408;3,403824;13,22612
-1,786315;3,529187;12,96608
-1,817962;3,36422;12,78195
8
-2,390011;4,556436;13,624
-2,354266;4,607779;13,65399
-2,368503;4,610609;13,63836
-2,366889;4,620701;13,64916
-2,370454;4,61611;13,61033
11
6,279022;-2,558517;9,851428
6,208473;-2,432076;9,732885
6,622313;-1,952408;10,10188
7,342698;-0,7587645;10,44533
7,279041;-0,663776;10,43168
9
7,184346;-2,248655;11,84846
7,201704;-2,180103;11,79901
7,381839;-1,893479;11,71156
7,551126;-1,942017;11,92104
7,51747;-2,001634;11,93458
8
7,103576;-0,4636164;12,74071
7,120511;-0,4389571;12,75028
7,332417;-0,3588506;12,75205
7,52728;-0,2595958;12,83891
7,519824;-0,2597848;12,8285
11
5,192208;4,369267;11,96357
5,182337;4,12671;12,02546
5,236745;4,548034;12,16363
5,184781;4,755988;12,46249
5,167529;4,773962;12,47145
9
4,947942;1,968107;12,97336
4,895707;1,986141;12,99561
4,983823;2,166679;13,03539
5,023895;2,274736;13,17333
5,046578;2,347547;13,18471
8
3,87403;3,015191;13,95621
3,863406;3,044804;13,95456
3,850502;3,131243;13,89687
3,788712;3,120202;14,00023
3,722564;3,163552;14,06457
11
0,9815151;-1,724272;8,772868
0,9860866;-1,728096;8,769571
0,9685401;-1,733442;8,779421
1,085416;-1,746838;8,748837
1,011381;-1,727548;8,759324
9
0,2141813;-0,1854269;8,453587
0,2112467;-0,1970988;8,454839
0,2204858;-0,1799284;8,5931
0,2978194;0,1103641;8,41534
-0,01412312;0,1032227;8,734466
8
-0,5393308;1,391647;7,430614
-0,5424202;1,383228;7,436546
-0,3271158;1,352959;7,629101
-0,2123453;1,91026;7,595275
0,03025062;1,378896;7,756294
7
-1,311617;-1,860351;5,320737
-1,299719;-1,865925;5,322527
-1,30938;-1,863321;5,32888
-1,294561;-1,881328;5,322098
-1,317457;-1,876672;5,324058
5
-2,815804;-0,3209731;6,294352
-2,814063;-0,3226416;6,306212
-2,815944;-0,2953584;6,319332
-2,908777;-0,3127387;6,274986
-2,859236;-0,2619006;6,34217
4
-2,003761;1,539033;6,914803
-2,00467;1,539371;6,924046
-2,007977;1,553846;6,982431
-2,025667;1,40924;7,187295
-2,003773;1,481793;7,162849
11
2,110221;2,446364;6,555209
1,71352;2,87015;6,716341
1,925621;3,304209;7,392517
2,579622;1,800088;6,863913
2,717194;1,833347;6,505293
9
1,217084;0,2664091;7,977695
1,197692;0,9049953;7,903879
1,188293;1,007495;8,34201
0,8347806;0,3359429;8,311011
1,009842;0,3999556;8,106526
8
-0,354108;1,087846;8,48208
-0,4158502;1,090684;8,560976
-0,381538;0,7884349;8,800896
-0,557687;1,39901;8,517705
-0,3476275;0,8618104;8,774768
7
-2,047505;-2,026361;5,81675
-2,073973;-2,04297;5,804547
-2,078821;-2,050736;5,820594
-2,063565;-2,075209;5,785983
-2,050285;-2,052034;5,773942
5
-2,779207;-0,4723058;6,5333
-2,921639;-0,378225;6,547435
-2,942286;-0,4026256;6,603062
-2,893387;-0,4544626;6,626305
-2,748252;-0,487881;6,5444
4
-2,331693;0,8163916;7,422797
-2,457639;1,101838;7,438184
-2,549803;1,07084;7,512285
-2,480265;1,05666;7,545655
-2,416166;0,9848999;7,475081
